M = 5;
N = 8;
x = [1 2 3 4 8];
y = [1 2 3 4 5 6 7 8];

